42
27
10
24
11
336
108
154
19
11
20
52
21
44
20
40
23
285
56
27
481
54
67
12
36
126
98
39
53
47
45
16
58
14
27
23
38
45
33
89
50
15
101
21
25
32
72
19
34
39
11
31
180
23
20
36
57
34
19
43
20
23
28
122
22
70
50
10
27
26
41
19
22
72
76
6
620
59
38
23
21
23
31
16
23
7
26
38
22
25
170
186
58
14
12
15
60
22
88
33
50
60
54
24
38
11
244
80
22
28
23
113
18
21
37
41
51
34
54
25
32
24
62
156
38
22
19
27
13
55
38
16
20
34
49
54
23
77
69
122
28
51
99
136
30
34
29
45
23
44
18
19
30
126
58
35
54
82
31
48
188
133
40
39
94
35
11
87
16
26
19
75
21
27
80
15
33
152
39
229
124
39
73
76
57
71
36
14
77
24
189
20
31
63
72
36
14
148
54
139
52
96
61
12
12
14
55
42
66
88
60
19
43
43
24
36
51
23
30
37
18
12
40
59
66
28
47
152
26
17
39
36
273
78
47
116
22
46
43
105
29
30
38
41
504
33
36
27
35
64
32
11
136
27
50
20
33
32
69
28
46
208
30
48
28
40
38
108
31
35
38
36
36
105
33
226
17
71
20
28
48
246
28
117
63
48
40
95
34
14
21
44
111
23
60
99
34
32
27
42
96
17
60
21
79
74
88
34
328
153
24
28
20
17
159
11
25
30
22
81
38
94
12
24
36
50
30
62
63
22
32
17
26
22
14
22
55
50
32
70
88
16
18
54
18
14
15
62
60
24
9
44
30
48
20
29
42
12
27
38
23
101
50
21
26
8
23
18
27
32
48
52
15
31
125
27
34
82
32
37
8
69
21
32
34
25
72
23
25
23
23
27
36
26
21
20
7
64
74
73
33
34
30
43
123
42
16
37
10
7
36
32
7
24
23
20
9
11
43
40
88
20
84
27
59
15
18
64
94
39
38
93
94
38
21
47
26
96
85
14
48
46
12
19
23
10
35
22
23
11
4
31
29
30
30
15
31
82
29
84
85
40
21
75
24
71
80
70
39
35
86
37
12
20
23
180
59
22
19
34
116
44
16
38
55
27
17
59
148
84
41
157
50
151
30
21
126
27
27
98
43
23
80
30
52
9
22
56
32
66
54
23
16
6
27
36
8
30
42
38
36
16
42
21
40
19
20
22
16
14
41
31
58
24
24
18
24
103
20
17
18
32
6
58
28
14
39
10
22
26
11
66
48
144
24
41
23
19
16
34
30
24
20
17
82
17
47
42
15
96
56
30
13
19
66
7
24
91
30
147
27
100
30
14
30
134
34
90
74
32
16
22
20
26
25
68
23
36
40
58
46
13
83
21
16
33
7
23
58
133
15
146
55
14
59
30
69
17
43
22
59
162
17
31
46
20
95
20
39
19
67
26
31
60
52
27
14
10
20
108
59
18
26
102
131
56
24
24
70
14
31
31
18
61
30
96
87
18
22
168
23
13
43
32
11
98
32
10
31
14
13
13
16
24
10
18
6
20
5
8
112
11
6
26
30
14
109
9
18
18
27
20
8
18
44
14
17
21
38
20
4
40
94
53
13
7
6
10
27
10
9
5
22
12
47
11
42
10
10
21
10
18
15
13
60
41
5
15
16
9
24
8
12
6
38
25
14
12
35
42
24
29
10
6
16
22
46
4
10
38
15
4
11
15
16
13
16
64
140
11
150
39
33
6
13
10
46
10
13
51
15
39
22
22
10
27
15
24
12
9
44
22
33
15
9
34
10
20
26
9
65
8
21
29
22
23
17
8
13
26
45
39
52
25
35
10
12
6
28
32
13
24
24
35
11
9
19
16
17
22
10
21
29
20
7
18
15
17
74
46
6
11
70
20
5
78
15
28
149
63
23
27
36
43
52
30
8
23
20
5
20
8
33
16
14
23
11
84
7
14
15
10
56
93
32
11
8
6
12
24
12
24
34
22
21
7
8
34
66
5
17
8
25
17
58
28
46
24
15
9
5
21
8
12
19
5
8
24
46
10
11
19
20
20
11
10
4
19
33
62
8
40
12
9
53
21
20
45
13
50
6
12
12
36
31
34
8
19
11
8
7
23
14
15
27
5
56
11
20
8
9
22
7
40
10
54
72
30
14
4
8
12
26
18
27
45
9
20
7
4
10
15
10
26
5
16
29
20
24
6
9
18
6
9
10
5
6
10
38
32
7
17
17
4
15
77
16
58
36
20
47
23
11
60
14
9
22
9
12
15
5
27
5
40
25
53
55
14
57
15
25
44
5
6
6
22
26
80
36
11
40
13
5
16
90
9
24
41
34
14
7
17
19
10
34
56
24
33
34
20
5
4
8
18
4
13
4
18
11
22
12
32
20
16
5
6
10
6
6
24
24
7
18
17
8
64
14
9
11
8
33
17
96
14
16
72
22
6
6
8
15
7
14
26
8
27
24
13
4
38
21
10
21
7
18
12
6
11
10
29
36
7
20
16
4
6
5
22
5
15
16
5
40
